Year	Month	Stay_2013	Nights_2013	Cruise_2013	Inf_12m_2013	Stay_2014	Nights_2014	Cruise_2014	Inf_12m_2014	Stay_2015	Nights_2015	Cruise_2015	Inf_12m_2015	Stay_2016	Nights_2016	Cruise_2016	Inf_12m_2016
2013	1	75.751	633.472	118.542	-0.16	82.887	683.545	97.471	-2.1	100.914	768.968	77.819	0.52	104.072	785.884	NA	0.35
2013	2	74.049	567.232	88.888	-0.87	78.979	629.063	80.562	-1.89	89.991	664.78	76.067	0.64	96.185	689.345	NA	0.24
2013	3	89.844	644.956	84.229	-1.56	83.131	600.04	80.375	-1.63	103.506	712.936	61.105	0.78	NA	NA	NA	NA
2013	4	76.021	519.077	70.808	-2.06	84.079	576.273	59.215	-1.37	99.604	665.687	49.644	0.9	NA	NA	NA	NA
2013	5	72.746	495.543	26.688	-2.5	78.087	533.673	34.78	-1.02	87.691	603.85	26.447	0.97	NA	NA	NA	NA
2013	6	76.964	546.679	20.226	-2.83	82.708	573.091	19.815	-0.75	87.447	594.44	22.243	1.01	NA	NA	NA	NA
2013	7	87.694	651.286	27.776	-3.09	95.952	685.265	37.315	-0.45	109.251	747.038	23.627	1.03	NA	NA	NA	NA
2013	8	88.289	652.397	21.47	-2.96	102.048	713.243	31.036	-0.32	111.471	752.859	23.282	1.05	NA	NA	NA	NA
2013	9	72.631	513.376	20.752	-2.91	84.509	583.379	25.782	-0.17	97.263	616.236	24.372	1.05	NA	NA	NA	NA
2013	10	76.681	520.879	44.404	-2.94	92.649	618.664	51.131	0.11	109.024	665.723	50.953	0.86	NA	NA	NA	NA
2013	11	88.296	602.192	68.549	-2.68	97.199	670.238	67.246	0.25	110.307	681.339	79.753	0.74	NA	NA	NA	NA
2013	12	100.29	779.682	96.236	-2.37	109.854	826.429	82.367	0.42	118.466	855.736	91.707	0.48	NA	NA	NA	NA
