Date	Real GDP	Real GDP per capita	Unemployment rate	Debt/GDP	Tourism receipts 
1992	5.9	33900	NA	59.5	796.3
1993	7.3	34000	NA	55.6	835.4
1994	8.2	35000	NA	52.4	837.9
1995	2.5	34900	NA	55.1	931.8
1996	1.3	34000	NA	54.8	1098.1
1997	7	35000	NA	51.1	1196.3
1998	1.9	34700	NA	41	1306.5
1999	1.4	34700	NA	39.3	1290.1
2000	7.6	37000	4.8	38.6	1445.1
2001	-3	35400	6.5	43.8	1460.3
2002	-3.3	34200	8.1	47.6	1480.7
2003	2	34500	11.4	41.3	1521.8
2004	7.9	36400	9.5	43	1884.6
2005	1.2	35900	8.8	45.7	1959.5
2006	1.1	35600	9.3	46.4	1896.3
2007	2	36100	7.1	45.6	2162.3
2008	0.2	35900	6.9	41.7	2412.2
2009	-11.3	31600	10.3	49.9	2180.6
2010	-3.3	30600	10.6	56.1	2232.9
2011	3.5	31300	8.9	61.4	2411.2
2012	-1.4	30400	9.6	67.6	2501.4
2013	4.2	31300	7.6	73.9	2677.2
2014	0.8	27526	NA	81.2	2849.6
2015	0.1	NA	NA	NA	NA
2016	1.1	NA	NA	NA	NA
